{"nbformat":4,"nbformat_minor":0,"metadata":{"colab":{"provenance":[]},"kernelspec":{"name":"python3","display_name":"Python 3"},"language_info":{"name":"python"}},"cells":[{"cell_type":"code","execution_count":1,"metadata":{"id":"-QomIgKpvtbl","executionInfo":{"status":"ok","timestamp":1730570406503,"user_tz":-330,"elapsed":3657,"user":{"displayName":"22PD27 - PARAMAGURU H","userId":"18424867228174296689"}}},"outputs":[],"source":["import networkx as nx"]},{"cell_type":"code","source":["import matplotlib.pyplot as plt\n","import numpy as np"],"metadata":{"id":"OuRFF-Vy0-uO","executionInfo":{"status":"ok","timestamp":1730570406503,"user_tz":-330,"elapsed":4,"user":{"displayName":"22PD27 - PARAMAGURU H","userId":"18424867228174296689"}}},"execution_count":2,"outputs":[]},{"cell_type":"code","source":["from networkx.algorithms import smallworld"],"metadata":{"id":"-LG8Rohjsi0b","executionInfo":{"status":"ok","timestamp":1730570406503,"user_tz":-330,"elapsed":4,"user":{"displayName":"22PD27 - PARAMAGURU H","userId":"18424867228174296689"}}},"execution_count":3,"outputs":[]},{"cell_type":"code","source":["from google.colab import drive\n","drive.mount('/content/drive')"],"metadata":{"colab":{"base_uri":"https://localhost:8080/"},"id":"WXgjL7cOv4oS","outputId":"b9fb07e3-6846-436b-e2c9-5f8d3274b39c","executionInfo":{"status":"ok","timestamp":1730570428139,"user_tz":-330,"elapsed":21639,"user":{"displayName":"22PD27 - PARAMAGURU H","userId":"18424867228174296689"}}},"execution_count":4,"outputs":[{"output_type":"stream","name":"stdout","text":["Mounted at /content/drive\n"]}]},{"cell_type":"code","source":["import pandas as pd"],"metadata":{"id":"d15hf94ExHpm","executionInfo":{"status":"ok","timestamp":1730570428660,"user_tz":-330,"elapsed":524,"user":{"displayName":"22PD27 - PARAMAGURU H","userId":"18424867228174296689"}}},"execution_count":5,"outputs":[]},{"cell_type":"code","source":["v308=pd.read_excel(\"/content/drive/MyDrive/Colab Notebooks/SOCIAL NETWORK ANALYSIS/project'/V308.xlsx\",index_col=0)"],"metadata":{"id":"C9vKUOLyxTlv","executionInfo":{"status":"ok","timestamp":1730570430994,"user_tz":-330,"elapsed":2336,"user":{"displayName":"22PD27 - PARAMAGURU H","userId":"18424867228174296689"}}},"execution_count":6,"outputs":[]},{"cell_type":"code","source":["v40=pd.read_excel(\"/content/drive/MyDrive/Colab Notebooks/SOCIAL NETWORK ANALYSIS/project'/V40.xlsx\",index_col=0)"],"metadata":{"id":"zkSGmbVWxh3L","executionInfo":{"status":"ok","timestamp":1730570431510,"user_tz":-330,"elapsed":519,"user":{"displayName":"22PD27 - PARAMAGURU H","userId":"18424867228174296689"}}},"execution_count":7,"outputs":[]},{"cell_type":"code","source":["v40.shape"],"metadata":{"colab":{"base_uri":"https://localhost:8080/"},"id":"iWgs9_kpxmtt","outputId":"e7c4dc79-e896-444f-95f3-8d687faf99a6","executionInfo":{"status":"ok","timestamp":1730570431510,"user_tz":-330,"elapsed":7,"user":{"displayName":"22PD27 - PARAMAGURU H","userId":"18424867228174296689"}}},"execution_count":8,"outputs":[{"output_type":"execute_result","data":{"text/plain":["(19, 19)"]},"metadata":{},"execution_count":8}]},{"cell_type":"code","source":["v308\n"],"metadata":{"colab":{"base_uri":"https://localhost:8080/","height":638},"id":"hTmaLrBfxnw4","outputId":"50dda8d4-35f9-4244-b0d9-e4a8f5fc0bf9","executionInfo":{"status":"ok","timestamp":1730570431510,"user_tz":-330,"elapsed":6,"user":{"displayName":"22PD27 - PARAMAGURU H","userId":"18424867228174296689"}}},"execution_count":9,"outputs":[{"output_type":"execute_result","data":{"text/plain":["          A         B         C         D         E         F         G  \\\n","A  0.000000  0.638494  1.030941  0.363883  0.446290  0.409703  0.403956   \n","B  0.638494  0.000000  0.639465  0.620847  0.452921  0.562076  0.380031   \n","C  1.030941  0.639465  0.000000  0.404913  0.541856  0.412099  0.478989   \n","D  0.363883  0.620847  0.404913  0.000000  0.476396  0.873308  0.442590   \n","E  0.446290  0.452921  0.541856  0.476396  0.000000  0.525836  1.261493   \n","F  0.409703  0.562076  0.412099  0.873308  0.525836  0.000000  0.529489   \n","G  0.403956  0.380031  0.478989  0.442590  1.261493  0.529489  0.000000   \n","H  0.168458  0.276640  0.156155  0.343284  0.222477  0.614413  0.201563   \n","I  0.269293  0.254849  0.313513  0.315851  0.597823  0.417654  1.019021   \n","J  0.374905  0.487326  0.329044  0.381915  0.296810  0.412537  0.369901   \n","K  0.550024  0.339085  0.584220  0.271143  0.290912  0.304842  0.378446   \n","L  0.242885  0.426797  0.268274  0.630613  0.305943  0.505185  0.332462   \n","M  0.357112  0.322409  0.470296  0.343874  0.556793  0.376279  0.790993   \n","N  0.182086  0.277349  0.150796  0.266494  0.165203  0.298213  0.124774   \n","O  0.377187  0.323860  0.379393  0.323969  0.526273  0.414318  0.614603   \n","P  0.326224  0.505469  0.446175  0.374578  0.253003  0.343053  0.292080   \n","Q  0.278231  0.290852  0.368389  0.410555  0.421071  0.360623  0.495142   \n","R  0.190483  0.339231  0.225428  0.495249  0.385754  0.599788  0.461333   \n","S  0.762362  1.512493  0.628184  0.562982  0.462909  0.567287  0.398646   \n","\n","          H         I         J         K         L         M         N  \\\n","A  0.168458  0.269293  0.374905  0.550024  0.242885  0.357112  0.182086   \n","B  0.276640  0.254849  0.487326  0.339085  0.426797  0.322409  0.277349   \n","C  0.156155  0.313513  0.329044  0.584220  0.268274  0.470296  0.150796   \n","D  0.343284  0.315851  0.381915  0.271143  0.630613  0.343874  0.266494   \n","E  0.222477  0.597823  0.296810  0.290912  0.305943  0.556793  0.165203   \n","F  0.614413  0.417654  0.412537  0.304842  0.505185  0.376279  0.298213   \n","G  0.201563  1.019021  0.369901  0.378446  0.332462  0.790993  0.124774   \n","H  0.000000  0.184229  0.222754  0.112215  0.257124  0.138878  0.290129   \n","I  0.184229  0.000000  0.385362  0.378930  0.334223  0.845883  0.114555   \n","J  0.222754  0.385362  0.000000  0.383475  0.535851  0.423598  0.207969   \n","K  0.112215  0.378930  0.383475  0.000000  0.263742  0.602864  0.093694   \n","L  0.257124  0.334223  0.535851  0.263742  0.000000  0.374487  0.225651   \n","M  0.138878  0.845883  0.423598  0.602864  0.374487  0.000000  0.114431   \n","N  0.290129  0.114555  0.207969  0.093694  0.225651  0.114431  0.000000   \n","O  0.164110  0.521835  0.382079  0.362832  0.316484  0.560163  0.135984   \n","P  0.195204  0.301193  0.411569  0.382941  0.407535  0.413199  0.161371   \n","Q  0.154517  0.482449  0.322781  0.323934  0.360965  0.524130  0.100243   \n","R  0.386449  0.511152  0.348739  0.222259  0.416875  0.380301  0.164003   \n","S  0.275274  0.274626  0.581336  0.372777  0.411843  0.339642  0.272108   \n","\n","          O         P         Q         R         S  \n","A  0.377187  0.326224  0.278231  0.190483  0.762362  \n","B  0.323860  0.505469  0.290852  0.339231  1.512493  \n","C  0.379393  0.446175  0.368389  0.225428  0.628184  \n","D  0.323969  0.374578  0.410555  0.495249  0.562982  \n","E  0.526273  0.253003  0.421071  0.385754  0.462909  \n","F  0.414318  0.343053  0.360623  0.599788  0.567287  \n","G  0.614603  0.292080  0.495142  0.461333  0.398646  \n","H  0.164110  0.195204  0.154517  0.386449  0.275274  \n","I  0.521835  0.301193  0.482449  0.511152  0.274626  \n","J  0.382079  0.411569  0.322781  0.348739  0.581336  \n","K  0.362832  0.382941  0.323934  0.222259  0.372777  \n","L  0.316484  0.407535  0.360965  0.416875  0.411843  \n","M  0.560163  0.413199  0.524130  0.380301  0.339642  \n","N  0.135984  0.161371  0.100243  0.164003  0.272108  \n","O  0.000000  0.226607  0.250585  0.260339  0.376600  \n","P  0.226607  0.000000  0.396589  0.410468  0.456925  \n","Q  0.250585  0.396589  0.000000  0.478214  0.293811  \n","R  0.260339  0.410468  0.478214  0.000000  0.331696  \n","S  0.376600  0.456925  0.293811  0.331696  0.000000  "],"text/html":["\n","  <div id=\"df-cb22884c-7aea-4765-bb79-7c25853f6fd0\" class=\"colab-df-container\">\n","    <div>\n","<style scoped>\n","    .dataframe tbody tr th:only-of-type {\n","        vertical-align: middle;\n","    }\n","\n","    .dataframe tbody tr th {\n","        vertical-align: top;\n","    }\n","\n","    .dataframe thead th {\n","        text-align: right;\n","    }\n","</style>\n","<table border=\"1\" class=\"dataframe\">\n","  <thead>\n","    <tr style=\"text-align: right;\">\n","      <th></th>\n","      <th>A</th>\n","      <th>B</th>\n","      <th>C</th>\n","      <th>D</th>\n","      <th>E</th>\n","      <th>F</th>\n","      <th>G</th>\n","      <th>H</th>\n","      <th>I</th>\n","      <th>J</th>\n","      <th>K</th>\n","      <th>L</th>\n","      <th>M</th>\n","      <th>N</th>\n","      <th>O</th>\n","      <th>P</th>\n","      <th>Q</th>\n","      <th>R</th>\n","      <th>S</th>\n","    </tr>\n","  </thead>\n","  <tbody>\n","    <tr>\n","      <th>A</th>\n","      <td>0.000000</td>\n","      <td>0.638494</td>\n","      <td>1.030941</td>\n","      <td>0.363883</td>\n","      <td>0.446290</td>\n","      <td>0.409703</td>\n","      <td>0.403956</td>\n","      <td>0.168458</td>\n","      <td>0.269293</td>\n","      <td>0.374905</td>\n","      <td>0.550024</td>\n","      <td>0.242885</td>\n","      <td>0.357112</td>\n","      <td>0.182086</td>\n","      <td>0.377187</td>\n","      <td>0.326224</td>\n","      <td>0.278231</td>\n","      <td>0.190483</td>\n","      <td>0.762362</td>\n","    </tr>\n","    <tr>\n","      <th>B</th>\n","      <td>0.638494</td>\n","      <td>0.000000</td>\n","      <td>0.639465</td>\n","      <td>0.620847</td>\n","      <td>0.452921</td>\n","      <td>0.562076</td>\n","      <td>0.380031</td>\n","      <td>0.276640</td>\n","      <td>0.254849</td>\n","      <td>0.487326</td>\n","      <td>0.339085</td>\n","      <td>0.426797</td>\n","      <td>0.322409</td>\n","      <td>0.277349</td>\n","      <td>0.323860</td>\n","      <td>0.505469</td>\n","      <td>0.290852</td>\n","      <td>0.339231</td>\n","      <td>1.512493</td>\n","    </tr>\n","    <tr>\n","      <th>C</th>\n","      <td>1.030941</td>\n","      <td>0.639465</td>\n","      <td>0.000000</td>\n","      <td>0.404913</td>\n","      <td>0.541856</td>\n","      <td>0.412099</td>\n","      <td>0.478989</td>\n","      <td>0.156155</td>\n","      <td>0.313513</td>\n","      <td>0.329044</td>\n","      <td>0.584220</td>\n","      <td>0.268274</td>\n","      <td>0.470296</td>\n","      <td>0.150796</td>\n","      <td>0.379393</td>\n","      <td>0.446175</td>\n","      <td>0.368389</td>\n","      <td>0.225428</td>\n","      <td>0.628184</td>\n","    </tr>\n","    <tr>\n","      <th>D</th>\n","      <td>0.363883</td>\n","      <td>0.620847</td>\n","      <td>0.404913</td>\n","      <td>0.000000</td>\n","      <td>0.476396</td>\n","      <td>0.873308</td>\n","      <td>0.442590</td>\n","      <td>0.343284</td>\n","      <td>0.315851</td>\n","      <td>0.381915</td>\n","      <td>0.271143</td>\n","      <td>0.630613</td>\n","      <td>0.343874</td>\n","      <td>0.266494</td>\n","      <td>0.323969</td>\n","      <td>0.374578</td>\n","      <td>0.410555</td>\n","      <td>0.495249</td>\n","      <td>0.562982</td>\n","    </tr>\n","    <tr>\n","      <th>E</th>\n","      <td>0.446290</td>\n","      <td>0.452921</td>\n","      <td>0.541856</td>\n","      <td>0.476396</td>\n","      <td>0.000000</td>\n","      <td>0.525836</td>\n","      <td>1.261493</td>\n","      <td>0.222477</td>\n","      <td>0.597823</td>\n","      <td>0.296810</td>\n","      <td>0.290912</td>\n","      <td>0.305943</td>\n","      <td>0.556793</td>\n","      <td>0.165203</td>\n","      <td>0.526273</td>\n","      <td>0.253003</td>\n","      <td>0.421071</td>\n","      <td>0.385754</td>\n","      <td>0.462909</td>\n","    </tr>\n","    <tr>\n","      <th>F</th>\n","      <td>0.409703</td>\n","      <td>0.562076</td>\n","      <td>0.412099</td>\n","      <td>0.873308</td>\n","      <td>0.525836</td>\n","      <td>0.000000</td>\n","      <td>0.529489</td>\n","      <td>0.614413</td>\n","      <td>0.417654</td>\n","      <td>0.412537</td>\n","      <td>0.304842</td>\n","      <td>0.505185</td>\n","      <td>0.376279</td>\n","      <td>0.298213</td>\n","      <td>0.414318</td>\n","      <td>0.343053</td>\n","      <td>0.360623</td>\n","      <td>0.599788</td>\n","      <td>0.567287</td>\n","    </tr>\n","    <tr>\n","      <th>G</th>\n","      <td>0.403956</td>\n","      <td>0.380031</td>\n","      <td>0.478989</td>\n","      <td>0.442590</td>\n","      <td>1.261493</td>\n","      <td>0.529489</td>\n","      <td>0.000000</td>\n","      <td>0.201563</td>\n","      <td>1.019021</td>\n","      <td>0.369901</td>\n","      <td>0.378446</td>\n","      <td>0.332462</td>\n","      <td>0.790993</td>\n","      <td>0.124774</td>\n","      <td>0.614603</td>\n","      <td>0.292080</td>\n","      <td>0.495142</td>\n","      <td>0.461333</td>\n","      <td>0.398646</td>\n","    </tr>\n","    <tr>\n","      <th>H</th>\n","      <td>0.168458</td>\n","      <td>0.276640</td>\n","      <td>0.156155</td>\n","      <td>0.343284</td>\n","      <td>0.222477</td>\n","      <td>0.614413</td>\n","      <td>0.201563</td>\n","      <td>0.000000</td>\n","      <td>0.184229</td>\n","      <td>0.222754</td>\n","      <td>0.112215</td>\n","      <td>0.257124</td>\n","      <td>0.138878</td>\n","      <td>0.290129</td>\n","      <td>0.164110</td>\n","      <td>0.195204</td>\n","      <td>0.154517</td>\n","      <td>0.386449</td>\n","      <td>0.275274</td>\n","    </tr>\n","    <tr>\n","      <th>I</th>\n","      <td>0.269293</td>\n","      <td>0.254849</td>\n","      <td>0.313513</td>\n","      <td>0.315851</td>\n","      <td>0.597823</td>\n","      <td>0.417654</td>\n","      <td>1.019021</td>\n","      <td>0.184229</td>\n","      <td>0.000000</td>\n","      <td>0.385362</td>\n","      <td>0.378930</td>\n","      <td>0.334223</td>\n","      <td>0.845883</td>\n","      <td>0.114555</td>\n","      <td>0.521835</td>\n","      <td>0.301193</td>\n","      <td>0.482449</td>\n","      <td>0.511152</td>\n","      <td>0.274626</td>\n","    </tr>\n","    <tr>\n","      <th>J</th>\n","      <td>0.374905</td>\n","      <td>0.487326</td>\n","      <td>0.329044</td>\n","      <td>0.381915</td>\n","      <td>0.296810</td>\n","      <td>0.412537</td>\n","      <td>0.369901</td>\n","      <td>0.222754</td>\n","      <td>0.385362</td>\n","      <td>0.000000</td>\n","      <td>0.383475</td>\n","      <td>0.535851</td>\n","      <td>0.423598</td>\n","      <td>0.207969</td>\n","      <td>0.382079</td>\n","      <td>0.411569</td>\n","      <td>0.322781</td>\n","      <td>0.348739</td>\n","      <td>0.581336</td>\n","    </tr>\n","    <tr>\n","      <th>K</th>\n","      <td>0.550024</td>\n","      <td>0.339085</td>\n","      <td>0.584220</td>\n","      <td>0.271143</td>\n","      <td>0.290912</td>\n","      <td>0.304842</td>\n","      <td>0.378446</td>\n","      <td>0.112215</td>\n","      <td>0.378930</td>\n","      <td>0.383475</td>\n","      <td>0.000000</td>\n","      <td>0.263742</td>\n","      <td>0.602864</td>\n","      <td>0.093694</td>\n","      <td>0.362832</td>\n","      <td>0.382941</td>\n","      <td>0.323934</td>\n","      <td>0.222259</td>\n","      <td>0.372777</td>\n","    </tr>\n","    <tr>\n","      <th>L</th>\n","      <td>0.242885</td>\n","      <td>0.426797</td>\n","      <td>0.268274</td>\n","      <td>0.630613</td>\n","      <td>0.305943</td>\n","      <td>0.505185</td>\n","      <td>0.332462</td>\n","      <td>0.257124</td>\n","      <td>0.334223</td>\n","      <td>0.535851</td>\n","      <td>0.263742</td>\n","      <td>0.000000</td>\n","      <td>0.374487</td>\n","      <td>0.225651</td>\n","      <td>0.316484</td>\n","      <td>0.407535</td>\n","      <td>0.360965</td>\n","      <td>0.416875</td>\n","      <td>0.411843</td>\n","    </tr>\n","    <tr>\n","      <th>M</th>\n","      <td>0.357112</td>\n","      <td>0.322409</td>\n","      <td>0.470296</td>\n","      <td>0.343874</td>\n","      <td>0.556793</td>\n","      <td>0.376279</td>\n","      <td>0.790993</td>\n","      <td>0.138878</td>\n","      <td>0.845883</td>\n","      <td>0.423598</td>\n","      <td>0.602864</td>\n","      <td>0.374487</td>\n","      <td>0.000000</td>\n","      <td>0.114431</td>\n","      <td>0.560163</td>\n","      <td>0.413199</td>\n","      <td>0.524130</td>\n","      <td>0.380301</td>\n","      <td>0.339642</td>\n","    </tr>\n","    <tr>\n","      <th>N</th>\n","      <td>0.182086</td>\n","      <td>0.277349</td>\n","      <td>0.150796</td>\n","      <td>0.266494</td>\n","      <td>0.165203</td>\n","      <td>0.298213</td>\n","      <td>0.124774</td>\n","      <td>0.290129</td>\n","      <td>0.114555</td>\n","      <td>0.207969</td>\n","      <td>0.093694</td>\n","      <td>0.225651</td>\n","      <td>0.114431</td>\n","      <td>0.000000</td>\n","      <td>0.135984</td>\n","      <td>0.161371</td>\n","      <td>0.100243</td>\n","      <td>0.164003</td>\n","      <td>0.272108</td>\n","    </tr>\n","    <tr>\n","      <th>O</th>\n","      <td>0.377187</td>\n","      <td>0.323860</td>\n","      <td>0.379393</td>\n","      <td>0.323969</td>\n","      <td>0.526273</td>\n","      <td>0.414318</td>\n","      <td>0.614603</td>\n","      <td>0.164110</td>\n","      <td>0.521835</td>\n","      <td>0.382079</td>\n","      <td>0.362832</td>\n","      <td>0.316484</td>\n","      <td>0.560163</td>\n","      <td>0.135984</td>\n","      <td>0.000000</td>\n","      <td>0.226607</td>\n","      <td>0.250585</td>\n","      <td>0.260339</td>\n","      <td>0.376600</td>\n","    </tr>\n","    <tr>\n","      <th>P</th>\n","      <td>0.326224</td>\n","      <td>0.505469</td>\n","      <td>0.446175</td>\n","      <td>0.374578</td>\n","      <td>0.253003</td>\n","      <td>0.343053</td>\n","      <td>0.292080</td>\n","      <td>0.195204</td>\n","      <td>0.301193</td>\n","      <td>0.411569</td>\n","      <td>0.382941</td>\n","      <td>0.407535</td>\n","      <td>0.413199</td>\n","      <td>0.161371</td>\n","      <td>0.226607</td>\n","      <td>0.000000</td>\n","      <td>0.396589</td>\n","      <td>0.410468</td>\n","      <td>0.456925</td>\n","    </tr>\n","    <tr>\n","      <th>Q</th>\n","      <td>0.278231</td>\n","      <td>0.290852</td>\n","      <td>0.368389</td>\n","      <td>0.410555</td>\n","      <td>0.421071</td>\n","      <td>0.360623</td>\n","      <td>0.495142</td>\n","      <td>0.154517</td>\n","      <td>0.482449</td>\n","      <td>0.322781</td>\n","      <td>0.323934</td>\n","      <td>0.360965</td>\n","      <td>0.524130</td>\n","      <td>0.100243</td>\n","      <td>0.250585</td>\n","      <td>0.396589</td>\n","      <td>0.000000</td>\n","      <td>0.478214</td>\n","      <td>0.293811</td>\n","    </tr>\n","    <tr>\n","      <th>R</th>\n","      <td>0.190483</td>\n","      <td>0.339231</td>\n","      <td>0.225428</td>\n","      <td>0.495249</td>\n","      <td>0.385754</td>\n","      <td>0.599788</td>\n","      <td>0.461333</td>\n","      <td>0.386449</td>\n","      <td>0.511152</td>\n","      <td>0.348739</td>\n","      <td>0.222259</td>\n","      <td>0.416875</td>\n","      <td>0.380301</td>\n","      <td>0.164003</td>\n","      <td>0.260339</td>\n","      <td>0.410468</td>\n","      <td>0.478214</td>\n","      <td>0.000000</td>\n","      <td>0.331696</td>\n","    </tr>\n","    <tr>\n","      <th>S</th>\n","      <td>0.762362</td>\n","      <td>1.512493</td>\n","      <td>0.628184</td>\n","      <td>0.562982</td>\n","      <td>0.462909</td>\n","      <td>0.567287</td>\n","      <td>0.398646</td>\n","      <td>0.275274</td>\n","      <td>0.274626</td>\n","      <td>0.581336</td>\n","      <td>0.372777</td>\n","      <td>0.411843</td>\n","      <td>0.339642</td>\n","      <td>0.272108</td>\n","      <td>0.376600</td>\n","      <td>0.456925</td>\n","      <td>0.293811</td>\n","      <td>0.331696</td>\n","      <td>0.000000</td>\n","    </tr>\n","  </tbody>\n","</table>\n","</div>\n","    <div class=\"colab-df-buttons\">\n","\n","  <div class=\"colab-df-container\">\n","    <button class=\"colab-df-convert\" onclick=\"convertToInteractive('df-cb22884c-7aea-4765-bb79-7c25853f6fd0')\"\n","            title=\"Convert this dataframe to an interactive table.\"\n","            style=\"display:none;\">\n","\n","  <svg xmlns=\"http://www.w3.org/2000/svg\" height=\"24px\" viewBox=\"0 -960 960 960\">\n","    <path d=\"M120-120v-720h720v720H120Zm60-500h600v-160H180v160Zm220 220h160v-160H400v160Zm0 220h160v-160H400v160ZM180-400h160v-160H180v160Zm440 0h160v-160H620v160ZM180-180h160v-160H180v160Zm440 0h160v-160H620v160Z\"/>\n","  </svg>\n","    </button>\n","\n","  <style>\n","    .colab-df-container {\n","      display:flex;\n","      gap: 12px;\n","    }\n","\n","    .colab-df-convert {\n","      background-color: #E8F0FE;\n","      border: none;\n","      border-radius: 50%;\n","      cursor: pointer;\n","      display: none;\n","      fill: #1967D2;\n","      height: 32px;\n","      padding: 0 0 0 0;\n","      width: 32px;\n","    }\n","\n","    .colab-df-convert:hover {\n","      background-color: #E2EBFA;\n","      box-shadow: 0px 1px 2px rgba(60, 64, 67, 0.3), 0px 1px 3px 1px rgba(60, 64, 67, 0.15);\n","      fill: #174EA6;\n","    }\n","\n","    .colab-df-buttons div {\n","      margin-bottom: 4px;\n","    }\n","\n","    [theme=dark] .colab-df-convert {\n","      background-color: #3B4455;\n","      fill: #D2E3FC;\n","    }\n","\n","    [theme=dark] .colab-df-convert:hover {\n","      background-color: #434B5C;\n","      box-shadow: 0px 1px 3px 1px rgba(0, 0, 0, 0.15);\n","      filter: drop-shadow(0px 1px 2px rgba(0, 0, 0, 0.3));\n","      fill: #FFFFFF;\n","    }\n","  </style>\n","\n","    <script>\n","      const buttonEl =\n","        document.querySelector('#df-cb22884c-7aea-4765-bb79-7c25853f6fd0 button.colab-df-convert');\n","      buttonEl.style.display =\n","        google.colab.kernel.accessAllowed ? 'block' : 'none';\n","\n","      async function convertToInteractive(key) {\n","        const element = document.querySelector('#df-cb22884c-7aea-4765-bb79-7c25853f6fd0');\n","        const dataTable =\n","          await google.colab.kernel.invokeFunction('convertToInteractive',\n","                                                    [key], {});\n","        if (!dataTable) return;\n","\n","        const docLinkHtml = 'Like what you see? Visit the ' +\n","          '<a target=\"_blank\" href=https://colab.research.google.com/notebooks/data_table.ipynb>data table notebook</a>'\n","          + ' to learn more about interactive tables.';\n","        element.innerHTML = '';\n","        dataTable['output_type'] = 'display_data';\n","        await google.colab.output.renderOutput(dataTable, element);\n","        const docLink = document.createElement('div');\n","        docLink.innerHTML = docLinkHtml;\n","        element.appendChild(docLink);\n","      }\n","    </script>\n","  </div>\n","\n","\n","<div id=\"df-68aaf263-5a1b-4b7a-81b2-bfa7404cfb12\">\n","  <button class=\"colab-df-quickchart\" onclick=\"quickchart('df-68aaf263-5a1b-4b7a-81b2-bfa7404cfb12')\"\n","            title=\"Suggest charts\"\n","            style=\"display:none;\">\n","\n","<svg xmlns=\"http://www.w3.org/2000/svg\" height=\"24px\"viewBox=\"0 0 24 24\"\n","     width=\"24px\">\n","    <g>\n","        <path d=\"M19 3H5c-1.1 0-2 .9-2 2v14c0 1.1.9 2 2 2h14c1.1 0 2-.9 2-2V5c0-1.1-.9-2-2-2zM9 17H7v-7h2v7zm4 0h-2V7h2v10zm4 0h-2v-4h2v4z\"/>\n","    </g>\n","</svg>\n","  </button>\n","\n","<style>\n","  .colab-df-quickchart {\n","      --bg-color: #E8F0FE;\n","      --fill-color: #1967D2;\n","      --hover-bg-color: #E2EBFA;\n","      --hover-fill-color: #174EA6;\n","      --disabled-fill-color: #AAA;\n","      --disabled-bg-color: #DDD;\n","  }\n","\n","  [theme=dark] .colab-df-quickchart {\n","      --bg-color: #3B4455;\n","      --fill-color: #D2E3FC;\n","      --hover-bg-color: #434B5C;\n","      --hover-fill-color: #FFFFFF;\n","      --disabled-bg-color: #3B4455;\n","      --disabled-fill-color: #666;\n","  }\n","\n","  .colab-df-quickchart {\n","    background-color: var(--bg-color);\n","    border: none;\n","    border-radius: 50%;\n","    cursor: pointer;\n","    display: none;\n","    fill: var(--fill-color);\n","    height: 32px;\n","    padding: 0;\n","    width: 32px;\n","  }\n","\n","  .colab-df-quickchart:hover {\n","    background-color: var(--hover-bg-color);\n","    box-shadow: 0 1px 2px rgba(60, 64, 67, 0.3), 0 1px 3px 1px rgba(60, 64, 67, 0.15);\n","    fill: var(--button-hover-fill-color);\n","  }\n","\n","  .colab-df-quickchart-complete:disabled,\n","  .colab-df-quickchart-complete:disabled:hover {\n","    background-color: var(--disabled-bg-color);\n","    fill: var(--disabled-fill-color);\n","    box-shadow: none;\n","  }\n","\n","  .colab-df-spinner {\n","    border: 2px solid var(--fill-color);\n","    border-color: transparent;\n","    border-bottom-color: var(--fill-color);\n","    animation:\n","      spin 1s steps(1) infinite;\n","  }\n","\n","  @keyframes spin {\n","    0% {\n","      border-color: transparent;\n","      border-bottom-color: var(--fill-color);\n","      border-left-color: var(--fill-color);\n","    }\n","    20% {\n","      border-color: transparent;\n","      border-left-color: var(--fill-color);\n","      border-top-color: var(--fill-color);\n","    }\n","    30% {\n","      border-color: transparent;\n","      border-left-color: var(--fill-color);\n","      border-top-color: var(--fill-color);\n","      border-right-color: var(--fill-color);\n","    }\n","    40% {\n","      border-color: transparent;\n","      border-right-color: var(--fill-color);\n","      border-top-color: var(--fill-color);\n","    }\n","    60% {\n","      border-color: transparent;\n","      border-right-color: var(--fill-color);\n","    }\n","    80% {\n","      border-color: transparent;\n","      border-right-color: var(--fill-color);\n","      border-bottom-color: var(--fill-color);\n","    }\n","    90% {\n","      border-color: transparent;\n","      border-bottom-color: var(--fill-color);\n","    }\n","  }\n","</style>\n","\n","  <script>\n","    async function quickchart(key) {\n","      const quickchartButtonEl =\n","        document.querySelector('#' + key + ' button');\n","      quickchartButtonEl.disabled = true;  // To prevent multiple clicks.\n","      quickchartButtonEl.classList.add('colab-df-spinner');\n","      try {\n","        const charts = await google.colab.kernel.invokeFunction(\n","            'suggestCharts', [key], {});\n","      } catch (error) {\n","        console.error('Error during call to suggestCharts:', error);\n","      }\n","      quickchartButtonEl.classList.remove('colab-df-spinner');\n","      quickchartButtonEl.classList.add('colab-df-quickchart-complete');\n","    }\n","    (() => {\n","      let quickchartButtonEl =\n","        document.querySelector('#df-68aaf263-5a1b-4b7a-81b2-bfa7404cfb12 button');\n","      quickchartButtonEl.style.display =\n","        google.colab.kernel.accessAllowed ? 'block' : 'none';\n","    })();\n","  </script>\n","</div>\n","\n","  <div id=\"id_74452cee-e0cc-4f7f-baa9-1188fff4262d\">\n","    <style>\n","      .colab-df-generate {\n","        background-color: #E8F0FE;\n","        border: none;\n","        border-radius: 50%;\n","        cursor: pointer;\n","        display: none;\n","        fill: #1967D2;\n","        height: 32px;\n","        padding: 0 0 0 0;\n","        width: 32px;\n","      }\n","\n","      .colab-df-generate:hover {\n","        background-color: #E2EBFA;\n","        box-shadow: 0px 1px 2px rgba(60, 64, 67, 0.3), 0px 1px 3px 1px rgba(60, 64, 67, 0.15);\n","        fill: #174EA6;\n","      }\n","\n","      [theme=dark] .colab-df-generate {\n","        background-color: #3B4455;\n","        fill: #D2E3FC;\n","      }\n","\n","      [theme=dark] .colab-df-generate:hover {\n","        background-color: #434B5C;\n","        box-shadow: 0px 1px 3px 1px rgba(0, 0, 0, 0.15);\n","        filter: drop-shadow(0px 1px 2px rgba(0, 0, 0, 0.3));\n","        fill: #FFFFFF;\n","      }\n","    </style>\n","    <button class=\"colab-df-generate\" onclick=\"generateWithVariable('v308')\"\n","            title=\"Generate code using this dataframe.\"\n","            style=\"display:none;\">\n","\n","  <svg xmlns=\"http://www.w3.org/2000/svg\" height=\"24px\"viewBox=\"0 0 24 24\"\n","       width=\"24px\">\n","    <path d=\"M7,19H8.4L18.45,9,17,7.55,7,17.6ZM5,21V16.75L18.45,3.32a2,2,0,0,1,2.83,0l1.4,1.43a1.91,1.91,0,0,1,.58,1.4,1.91,1.91,0,0,1-.58,1.4L9.25,21ZM18.45,9,17,7.55Zm-12,3A5.31,5.31,0,0,0,4.9,8.1,5.31,5.31,0,0,0,1,6.5,5.31,5.31,0,0,0,4.9,4.9,5.31,5.31,0,0,0,6.5,1,5.31,5.31,0,0,0,8.1,4.9,5.31,5.31,0,0,0,12,6.5,5.46,5.46,0,0,0,6.5,12Z\"/>\n","  </svg>\n","    </button>\n","    <script>\n","      (() => {\n","      const buttonEl =\n","        document.querySelector('#id_74452cee-e0cc-4f7f-baa9-1188fff4262d button.colab-df-generate');\n","      buttonEl.style.display =\n","        google.colab.kernel.accessAllowed ? 'block' : 'none';\n","\n","      buttonEl.onclick = () => {\n","        google.colab.notebook.generateWithVariable('v308');\n","      }\n","      })();\n","    </script>\n","  </div>\n","\n","    </div>\n","  </div>\n"],"application/vnd.google.colaboratory.intrinsic+json":{"type":"dataframe","variable_name":"v308","summary":"{\n  \"name\": \"v308\",\n  \"rows\": 19,\n  \"fields\": [\n    {\n      \"column\": \"A\",\n      \"properties\": {\n        \"dtype\": \"number\",\n        \"std\": 0.23329015080919144,\n        \"min\": 0.0,\n        \"max\": 1.030940647,\n        \"num_unique_values\": 19,\n        \"samples\": [\n          0.0,\n          0.409702588,\n          0.24288472\n        ],\n        \"semantic_type\": \"\",\n        \"description\": \"\"\n      }\n    },\n    {\n      \"column\": \"B\",\n      \"properties\": {\n        \"dtype\": \"number\",\n        \"std\": 0.30129244564996555,\n        \"min\": 0.0,\n        \"max\": 1.512492712,\n        \"num_unique_values\": 19,\n        \"samples\": [\n          0.638493545,\n          0.562076261,\n          0.426796616\n        ],\n        \"semantic_type\": \"\",\n        \"description\": \"\"\n      }\n    },\n    {\n      \"column\": \"C\",\n      \"properties\": {\n        \"dtype\": \"number\",\n        \"std\": 0.22554017986221622,\n        \"min\": 0.0,\n        \"max\": 1.030940647,\n        \"num_unique_values\": 19,\n        \"samples\": [\n          1.030940647,\n          0.412099305,\n          0.268274224\n        ],\n        \"semantic_type\": \"\",\n        \"description\": \"\"\n      }\n    },\n    {\n      \"column\": \"D\",\n      \"properties\": {\n        \"dtype\": \"number\",\n        \"std\": 0.1795855320771289,\n        \"min\": 0.0,\n        \"max\": 0.873307889,\n        \"num_unique_values\": 19,\n        \"samples\": [\n          0.363883264,\n          0.873307889,\n          0.630612553\n        ],\n        \"semantic_type\": \"\",\n        \"description\": \"\"\n      }\n    },\n    {\n      \"column\": \"E\",\n      \"properties\": {\n        \"dtype\": \"number\",\n        \"std\": 0.2532583224237393,\n        \"min\": 0.0,\n        \"max\": 1.26149314,\n        \"num_unique_values\": 19,\n        \"samples\": [\n          0.446289752,\n          0.525836399,\n          0.305942759\n        ],\n        \"semantic_type\": \"\",\n        \"description\": \"\"\n      }\n    },\n    {\n      \"column\": \"F\",\n      \"properties\": {\n        \"dtype\": \"number\",\n        \"std\": 0.17453359155752443,\n        \"min\": 0.0,\n        \"max\": 0.873307889,\n        \"num_unique_values\": 19,\n        \"samples\": [\n          0.409702588,\n          0.0,\n          0.505185327\n        ],\n        \"semantic_type\": \"\",\n        \"description\": \"\"\n      }\n    },\n    {\n      \"column\": \"G\",\n      \"properties\": {\n        \"dtype\": \"number\",\n        \"std\": 0.29396357826812997,\n        \"min\": 0.0,\n        \"max\": 1.26149314,\n        \"num_unique_values\": 19,\n        \"samples\": [\n          0.40395583,\n          0.529488845,\n          0.332461524\n        ],\n        \"semantic_type\": \"\",\n        \"description\": \"\"\n      }\n    },\n    {\n      \"column\": \"H\",\n      \"properties\": {\n        \"dtype\": \"number\",\n        \"std\": 0.1274182194328513,\n        \"min\": 0.0,\n        \"max\": 0.614413222,\n        \"num_unique_values\": 19,\n        \"samples\": [\n          0.168457673,\n          0.614413222,\n          0.257123682\n        ],\n        \"semantic_type\": \"\",\n        \"description\": \"\"\n      }\n    },\n    {\n      \"column\": \"I\",\n      \"properties\": {\n        \"dtype\": \"number\",\n        \"std\": 0.23878622512218453,\n        \"min\": 0.0,\n        \"max\": 1.019020849,\n        \"num_unique_values\": 19,\n        \"samples\": [\n          0.269292746,\n          0.417653983,\n          0.334223165\n        ],\n        \"semantic_type\": \"\",\n        \"description\": \"\"\n      }\n    },\n    {\n      \"column\": \"J\",\n      \"properties\": {\n        \"dtype\": \"number\",\n        \"std\": 0.12606610648241345,\n        \"min\": 0.0,\n        \"max\": 0.581335887,\n        \"num_unique_values\": 19,\n        \"samples\": [\n          0.374904648,\n          0.41253673,\n          0.535851422\n        ],\n        \"semantic_type\": \"\",\n        \"description\": \"\"\n      }\n    },\n    {\n      \"column\": \"K\",\n      \"properties\": {\n        \"dtype\": \"number\",\n        \"std\": 0.1553808037002439,\n        \"min\": 0.0,\n        \"max\": 0.602863654,\n        \"num_unique_values\": 19,\n        \"samples\": [\n          0.550024436,\n          0.304842104,\n          0.263742427\n        ],\n        \"semantic_type\": \"\",\n        \"description\": \"\"\n      }\n    },\n    {\n      \"column\": \"L\",\n      \"properties\": {\n        \"dtype\": \"number\",\n        \"std\": 0.13567452751460687,\n        \"min\": 0.0,\n        \"max\": 0.630612553,\n        \"num_unique_values\": 19,\n        \"samples\": [\n          0.24288472,\n          0.505185327,\n          0.0\n        ],\n        \"semantic_type\": \"\",\n        \"description\": \"\"\n      }\n    },\n    {\n      \"column\": \"M\",\n      \"properties\": {\n        \"dtype\": \"number\",\n        \"std\": 0.20873013164216667,\n        \"min\": 0.0,\n        \"max\": 0.845882727,\n        \"num_unique_values\": 19,\n        \"samples\": [\n          0.357111563,\n          0.376278591,\n          0.374486583\n        ],\n        \"semantic_type\": \"\",\n        \"description\": \"\"\n      }\n    },\n    {\n      \"column\": \"N\",\n      \"properties\": {\n        \"dtype\": \"number\",\n        \"std\": 0.08012971719927607,\n        \"min\": 0.0,\n        \"max\": 0.298212983,\n        \"num_unique_values\": 19,\n        \"samples\": [\n          0.18208593,\n          0.298212983,\n          0.225651317\n        ],\n        \"semantic_type\": \"\",\n        \"description\": \"\"\n      }\n    },\n    {\n      \"column\": \"O\",\n      \"properties\": {\n        \"dtype\": \"number\",\n        \"std\": 0.1527500813115756,\n        \"min\": 0.0,\n        \"max\": 0.614603307,\n        \"num_unique_values\": 19,\n        \"samples\": [\n          0.377186527,\n          0.414317852,\n          0.316483924\n        ],\n        \"semantic_type\": \"\",\n        \"description\": \"\"\n      }\n    },\n    {\n      \"column\": \"P\",\n      \"properties\": {\n        \"dtype\": \"number\",\n        \"std\": 0.12251941601007871,\n        \"min\": 0.0,\n        \"max\": 0.50546928,\n        \"num_unique_values\": 19,\n        \"samples\": [\n          0.326224178,\n          0.343053139,\n          0.407534662\n        ],\n        \"semantic_type\": \"\",\n        \"description\": \"\"\n      }\n    },\n    {\n      \"column\": \"Q\",\n      \"properties\": {\n        \"dtype\": \"number\",\n        \"std\": 0.13684072568295025,\n        \"min\": 0.0,\n        \"max\": 0.524130192,\n        \"num_unique_values\": 19,\n        \"samples\": [\n          0.278230537,\n          0.360622573,\n          0.360964779\n        ],\n        \"semantic_type\": \"\",\n        \"description\": \"\"\n      }\n    },\n    {\n      \"column\": \"R\",\n      \"properties\": {\n        \"dtype\": \"number\",\n        \"std\": 0.14389856880213323,\n        \"min\": 0.0,\n        \"max\": 0.599787505,\n        \"num_unique_values\": 19,\n        \"samples\": [\n          0.190483405,\n          0.599787505,\n          0.416875452\n        ],\n        \"semantic_type\": \"\",\n        \"description\": \"\"\n      }\n    },\n    {\n      \"column\": \"S\",\n      \"properties\": {\n        \"dtype\": \"number\",\n        \"std\": 0.3034849174094893,\n        \"min\": 0.0,\n        \"max\": 1.512492712,\n        \"num_unique_values\": 19,\n        \"samples\": [\n          0.76236159,\n          0.567286645,\n          0.411842912\n        ],\n        \"semantic_type\": \"\",\n        \"description\": \"\"\n      }\n    }\n  ]\n}"}},"metadata":{},"execution_count":9}]},{"cell_type":"code","source":["v40"],"metadata":{"colab":{"base_uri":"https://localhost:8080/","height":638},"id":"lFanBxBtx4sB","outputId":"b86cd12f-a445-4bcb-ea80-3fcb7716edcb","executionInfo":{"status":"ok","timestamp":1728922100377,"user_tz":-330,"elapsed":8,"user":{"displayName":"22PD27 - PARAMAGURU H","userId":"18424867228174296689"}}},"execution_count":null,"outputs":[{"output_type":"execute_result","data":{"text/plain":["          A         B         C         D         E         F         G  \\\n","A  0.000000  0.222499  0.370338  0.161697  0.146395  0.137849  0.108087   \n","B  0.222499  0.000000  0.268220  0.957834  0.175609  0.507714  0.168996   \n","C  0.370338  0.268220  0.000000  0.202795  0.462144  0.128873  0.112679   \n","D  0.161697  0.957834  0.202795  0.000000  0.227204  0.816826  0.210946   \n","E  0.146395  0.175609  0.462144  0.227204  0.000000  0.163622  0.207393   \n","F  0.137849  0.507714  0.128873  0.816826  0.163622  0.000000  0.277772   \n","G  0.108087  0.168996  0.112679  0.210946  0.207393  0.277772  0.000000   \n","H  0.132084  0.454978  0.103868  0.574312  0.105061  0.799997  0.240294   \n","I  0.143192  0.214312  0.114432  0.225066  0.116453  0.233695  0.395202   \n","J  0.205288  0.972455  0.205017  0.912239  0.168565  0.566827  0.211275   \n","K  0.306934  0.213836  0.429549  0.179239  0.272143  0.142793  0.106355   \n","L  0.190471  0.992686  0.193930  1.027904  0.166244  0.598704  0.201586   \n","M  0.174504  0.223906  0.286180  0.227632  0.402730  0.180282  0.155566   \n","N  0.141995  0.637611  0.127359  0.887215  0.139219  0.856388  0.204905   \n","O  0.075661  0.099921  0.114572  0.116788  0.224644  0.119256  0.222998   \n","P  0.228861  0.954844  0.337884  0.816329  0.209391  0.513290  0.179818   \n","Q  0.149591  0.192354  0.446281  0.266917  0.701713  0.182211  0.206305   \n","R  0.142988  0.449512  0.123648  0.600508  0.162156  0.809575  0.345866   \n","S  0.349395  0.795509  0.213276  0.595093  0.135231  0.445605  0.180416   \n","\n","          H         I         J         K         L         M         N  \\\n","A  0.132084  0.143192  0.205288  0.306934  0.190471  0.174504  0.141995   \n","B  0.454978  0.214312  0.972455  0.213836  0.992686  0.223906  0.637611   \n","C  0.103868  0.114432  0.205017  0.429549  0.193930  0.286180  0.127359   \n","D  0.574312  0.225066  0.912239  0.179239  1.027904  0.227632  0.887215   \n","E  0.105061  0.116453  0.168565  0.272143  0.166244  0.402730  0.139219   \n","F  0.799997  0.233695  0.566827  0.142793  0.598704  0.180282  0.856388   \n","G  0.240294  0.395202  0.211275  0.106355  0.201586  0.155566  0.204905   \n","H  0.000000  0.251128  0.525618  0.124720  0.527845  0.156450  0.734825   \n","I  0.251128  0.000000  0.271340  0.124257  0.245804  0.150409  0.225227   \n","J  0.525618  0.271340  0.000000  0.229742  1.880322  0.277613  0